# T (K) p (Pa)
300.0   109347.4
302.0   113772.9
304.0   110919.7
306.0   112815.0
308.0   113278.1
310.0   115286.4
312.0   113613.1
314.0   117237.6
316.0   116360.7
318.0   118510.1
320.0   117824.6
322.0   117796.1
324.0   119494.2
326.0   121321.3
328.0   122613.0
330.0   120254.9
332.0   122137.9
334.0   123301.7
336.0   121535.5
338.0   124430.5
340.0   123136.9
342.0   127662.4
344.0   127585.9
346.0   129461.7
348.0   127995.2
350.0   127420.3
352.0   128014.6
354.0   132155.3
356.0   133167.4
358.0   132687.9
360.0   130040.8
362.0   131415.8
364.0   131338.8
366.0   132770.8
368.0   134294.1
370.0   135336.0
372.0   134495.6
374.0   137008.7
376.0   139042.3
378.0   137152.4
380.0   138954.2
382.0   140989.4
384.0   143158.4
386.0   142523.1
388.0   141819.6
390.0   145438.7
392.0   145698.4
394.0   146020.0
396.0   146475.2
398.0   144426.0
400.0   147595.8
