0.00231     0.150       298
0.00487     0.150       308
0.00982     0.150       318
0.01854     0.150       328
0.03201     0.150       338
0.05673     0.150       348
0.09812     0.150       358
0.00118     0.300       293
0.00356     0.300       303
0.00741     0.300       313
0.01502     0.300       323
0.02894     0.300       333
0.05124     0.300       343
0.08973     0.300       353
0.00089     0.075       303
0.00201     0.075       313
0.00445     0.075       323
0.00923     0.075       333
0.01784     0.075       343
0.03312     0.075       353
0.06201     0.075       363
